-0.004171986
0.3755544
0.02944494
0.9248216
-0.0007794752
0.0008764062
-0.03746488
0.03623268
-0.004150383
0.0003000719
0.02462932
0.3675589
0.07217571
-0.2924105
-0.03278263
0.002652215
-0.2020423
0.0004038376
-0.0003579982
-0.1513061
0.002274096
-0.005231678
-0.000837897
0.001497267
-6.668906E-06
0.001507714
-0.09085841
-0.000256492
0.04138489
0.2693768
-0.03967825
0.02693737
-0.0112981
-0.06252272
-0.04472318
-0.003717818
-0.006159728
-0.3651705
0.01555487
-0.2430029
-0.02861117
0.0001385651
0.01384608
-0.07453424
0.007496715
0.009061657
-0.0002304066
-0.0008997857
-0.02721784
0.009008619
-0.002055367
-0.0656905
-0.05359651
-0.006470179
-0.3699674
-0.0003337132
0.001077813
0.01755393
-0.01519064
0.05839939
-0.007025155
-0.00448418
-0.05855176
0.02710696
0.1530633
-0.1147217
-0.0003291076
0.002577756
-0.005606079
0.01800775
-0.005376509
-0.0583061
0.0005086432
0.009996637
-0.001356942
0.009610285
-0.0003262817
0.2710497
-0.0006093453
0.05398576
0.1584031
0.007336433
0.008125383
0.0001308314
0.1883601
0.04659061
-0.1420376
-0.1596175
0.04075785
0.03873325
0.01591515
0.002273228
0.139345
1
-0.2797894
-0.05633457
-0.02304137
-0.1246554
-6.194277E-05
-0.003215814
0.9553566
-0.005851897
0.0003930558
-0.02165251
-0.06044358
-1.895889E-05
-8.596746E-05
-0.003141764
0.319272
-0.02453684
-9.907548E-05
0.100582
-0.01145366
-0.2247149
-0.02686211
0.03410312
0.001706291
-0.003233043
-0.002225305
0.9321056
0.01332299
-0.04896858
-0.01605661
0.003431988
0.0001439386
-0.0002017269
-0.0071669
0.9397757
0.00880361
0.2486907
-0.008167841
0.0003179856
0.006588106
0.8313459
-0.07594766
-0.3691349
-0.07856709
0.02778466
-0.1425578
0.002084864
0.001379502
0.003593867
0.006721377
0.01221681
-0.1050456
-0.222699
0.01609908
6.40979E-05
-0.003913366
0.02969175
0.003120342
-0.01221638
-0.002705492
-0.04193697
-0.1690196
0.009231807
-0.006191132
-0.03876369
-0.0001705977
-0.1211678
-0.1594266
6.036488E-05
0.03050201
-0.001823292
2.921069E-06
0.002273333
0.06102583
-0.001741194
-0.0008028297
0.01673965
-0.05664593
-0.001810618
-0.0004944067
-0.002070644
0.03144617
0.01507103
-0.7959723
8.900566E-05
-0.000101855
-0.0112758
-0.08885808
0.4036826
-0.1235006
-0.003570916
0.00242031
0.8449327
0.03540642
0.8876158
0.01627891
0.0008539499
0.09191228
0.005699358
0.01491054
-0.002248355
-0.003559741
-0.06749614
0.0453368
0.2689579
0.07135094
-0.1986306
0.002666036
-0.002640678
-0.003619282
-0.009176112
-0.001080476
0.004138278
-0.0001905114
0.03527026
-0.1218623
-0.03099408
0.003380069
-0.009887101
-0.01352933
-0.04488954
0.009563708
0.003067809
-0.04249827
-0.7483801
0.009401398
-0.007214738
0.0001449898
-0.08065169
-0.05126224
-0.0007063559
0.08151411
-0.000205764
0.03062324
-0.005661407
0.0002506131
0.1034983
0.0280397
0.08780603
0.0826991
-0.05482507
-0.005519507
0.04274
0.0008641132
0.003660224
-0.03822078
-0.00216466
0.567033
-0.7522726
0.3227316
0.3199516
-0.0002253119
0.0005545705
0.001204668
9.467843E-05
0.01831524
-0.04116996
0.009767997
-0.0002720221
-0.001387153
0.007222826
0.01412266
0.009132375
0.02002562
-0.2354116
0.06423546
-0.0001176338
-0.001329292
0.0004655419
-0.1886857
0.0006052134
0.4016861
0.1902361
-0.3038939
-2.250574E-05
-0.00219682
0.02132489
-0.0002855961
2.086817E-05
0.1401753
0.01047628
0.04480588
-0.05619958
-0.1477678
0.01548854
0.2429763
0.09775068
0.01341616
-0.001939083
0.1533998
3.522454E-05
0.01729148
0.002936752
0.274379
0.5143173
-0.01095327
-0.0007315159
0.0002802623
-0.003230494
-0.6726326
-0.06594384
0.002537078
-0.006141795
-0.006448771
0.005082028
-0.01906289
0.05757952
-0.2722067
-0.04107719
0.08104569
0.02979469
0.3390338
-0.02161925
0.0003484546
-0.064418
1.037441E-05
0.005772632
1
-0.01093623
-0.0001796201
-0.05936313
0.008814355
0.1834179
0.1319072
0.0004657903
-0.08615516
-0.00139272
0.004757209
0.0142318
-0.05402283
-0.005007879
0.01953973
0.00352354
0.05061644
-0.02278335
0.01286131
0.0004402291
-0.1024362
0.02964584
0.01461753
-0.100049
0.0008912677
-0.0006786758
-0.006807852
0.04910359
-0.006918862
0.01476133
-0.05760734
0.01521235
0.0005893338
0.0851116
0.08438163
0.002946564
-0.04200675
-0.02913186
0.0007371242
0.02307005
-0.007946761
1
0.0005298273
0.7708299
-0.0015457
0.002086023
-0.07754026
0.002095526
-1.517112E-05
-0.03627492
0.02722592
-0.02114393
-0.002119404
-0.473935
-0.0005383055
-0.005347306
-0.0004188007
0.01497247
0.01528258
-0.01643929
0.02148052
-0.1941018
0.4638107
-0.0009192927
0.008977525
-0.0006730116
-0.1154009
-0.02395424
0.0002368199
-0.000125958
-0.001585247
-0.01281126
-0.7174718
0.0425647
-0.1326086
-0.01793656
-0.4308028
0.005220861
-0.04330592
0.0004295573
-0.1257207
0.05624294
-0.0007814169
-0.03390507
0.02110055
-0.002673993
-0.007493701
1
-0.003077561
0.001225385
0.08604682
0.002608418
-0.004946997
-0.02131137
0.03100152
0.003275902
-0.2343984
-0.1247904
8.276493E-05
0.06919023
0.0003654804
-0.0008594269
-0.01084251
-0.006119593
-1
-0.00982224
0.003316724
0.008923791
-0.02048104
0.01165497
-0.001507303
0.04418492
-0.1265169
0.000198969
0.0456179
-0.0009290516
-0.01098366
-0.002765747
0.0165977
0.0001166293
-0.1353432
0.0303867
0.1276593
0.009006107
0.06073459
0.2246214
0.003936877
-0.01138484
0.001121176
-0.808655
0.00877898
0.05822385
-0.1066017
-0.01465124
0.03467676
-0.04919124
0.8299372
-0.03341704
-0.007005291
0.004024175
0.03638982
-0.01779287
0.07338917
0.001946884
-0.3567704
0.1333462
0.008539977
-0.003039154
-0.3911081
0.001843097
-0.001118165
-0.004048612
-0.0001445143
-0.009971621
0.2848148
-0.001613439
0.2092339
-3.883365E-06
0.3114856
0.03049595
-0.561125
-0.001331281
-0.4754212
0.002864512
-0.002048709
-0.1195213
-0.009329541
0.275853
0.0005878193
0.03577477
0.005774725
0.1327661
0.003784979
0.06236723
0.007721022
0.0006859152
0.4912185
-0.03900329
0.008606427
0.1756049
0.02718399
-0.8735772
0.01359379
0.03280561
-0.0001145424
-0.005419003
0.1464725
0.01050607
0.04199596
0.0001326886
0.1191328
-0.08865067
-0.01083515
0.006517812
0.003985994
0.0001135965
-8.040945E-05
0.01291993
-0.002735964
-0.008415404
0.000400719
-0.2483134
0.4706284
-0.0004360538
0.02772777
-0.0009807097
-0.002667765
-0.1549009
0.001402913
-0.01033101
0.01004929
-0.02526221
0.1970102
-0.01757198
0.00011742
0.1247027
-0.004464965
0.04398428
-0.6820099
-3.670687E-06
-0.01256582
0.02217285
0.01602275
0.009527902
-0.002022918
0.02192436
0.0009005482
0.8780128
-0.001454976
0.04468745
-0.004376469
0.001619593
-0.006496683
-0.001347059
0.00757953
-0.1016376
-0.007364373
-0.1479485
-0.6845567
0.004258432
-0.003725732
-0.0002127813
0.05455016
0.01469363
-0.006305435
0.2265781
-0.009878546
-0.002744959
0.0006043555
0.01061583
-0.03890267
-0.02851619
0.345988
6.246191E-05
0.00441542
-0.2785612
0.03945053
0.004408064
0.03757771
-0.0004057838
0.001354659
-0.2877623
-0.0002540473
-0.007338428
-0.01439468
-0.00320429
-0.5102516
-0.003650816
0.001155086
0.004313139
-0.01636147
0.01672456
-0.003890445
0.003392234
0.001140393
-0.0009817141
0.006454803
0.09354742
-0.01177943
0.1654264
0.04698313
-0.0109648
-0.1601972
0.01299914
0.005636035
0.003156982
0.02515268
0.0005701065
0.004441275
-0.00448872
-0.0003989336
0.001145266
-0.08241556
0.3512263
0.02915939
-0.000509151
0.0004227129
0.006540182
0.001184779
-0.002897972
0.01274569
0.009285883
-0.02715634
-0.1093844
0.0006064823
0.1301533
-0.2106231
-0.02008339
0.956293
-0.6844921
-0.09810578
-0.0003902031
0.0003227333
0.08489838
0.02808848
0.004168641
0.02153949
-0.01214125
-0.02808158
-0.05584412
-0.03726407
-0.01571233
0.0003622158
-0.01131089
-0.1875038
0.02630606
0.6130741
0.8304909
-0.01967369
0.0707581
-0.003745398
1.252311E-06
0.5828996
0.04092019
-0.1828921
0.01769034
-0.1043746
0.1637205
0.08216777
0.05393814
0.01210951
-0.01004619
-0.001720473
0.009699614
-0.004540074
0.00139383
0.004314335
0.007022682
-0.005914304
0.04512117
0.05093527
0.02550006
0.1586956
0.001694579
0.004460354
0.01063534
0.00812613
-0.01278846
0.1861744
0.01179453
-0.006313181
-0.01364168
0.7034413
-0.02396746
0.00476646
0.006331138
-0.008537421
0.0003010579
0.122352
0.1224494
0.02744053
0.8531237
0.009221172
0.1091021
-0.002732155
-0.0317572
0.110635
-0.001484498
0.01619107
-0.003120697
-0.0310645
0.02594168
0.01600009
0.08122238
-0.08742172
0.1117331
-0.01614086
0.1671547
0.01130466
0.007086841
0.007212979
0.001289366
-0.09752122
0.0003166016
-0.001281998
0.002043879
0.03013628
-0.01677125
0.4238752
-0.2231407
-0.0007134731
0.3255361
0.04850893
-0.0004691823
-0.0002209661
0.01941749
0.002981541
0.02268841
-0.0001107241
-0.0005748814
-9.970689E-06
-0.07855973
0.02539122
-0.05932137
0.04023984
0.03365333
-0.05994115
0.000537781
-0.07785687
-0.1017618
-0.03494446
0.06225494
5.77762E-05
-0.002179334
-0.007686282
-0.08929107
0.000223261
-0.0007852791
-0.001167773
0.006752635
0.09274845
0.000564016
-0.007124566
-0.8150645
-0.003999017
-0.00262826
0.1729667
-0.001766603
-0.09634043
-0.001387823
-0.01117446
0.05613383
0.003733719
0.01738496
-0.01788792
-0.001694988
-0.03706761
0.03665635
0.02059005
0.001544294
0.0162015
-0.009161195
0.0002887039
-0.04502509
-8.019949E-06
0.0004482101
0.01932522
-0.5954509
0.01447457
-0.0003147328
0.0005778052
-0.006713707
-0.4276533
-0.01081024
0.05370273
3.50117E-05
-0.005724143
0.008701419
-0.002121856
-0.01559016
-0.3887559
-0.0784805
0.0182787
-0.007341793
-0.0005016499
-0.03800979
0.02312082
-0.1346254
0.02750728
0.01767401
0.0551266
0.05122571
0.0001305096
0.02330985
-0.0003425382
0.004679313
-0.0007969319
0.02541634
0.001103151
-0.02881539
0.004804972
-0.4501339
0.003132393
0.0003863798
0.01689598
0.003406675
-0.01079866
-0.009178258
7.822796E-05
-0.009996349
0.01234626
-0.02618646
0.002778983
0.01341949
-0.2195968
0.003268697
0.3765984
-0.03245113
0.01928313
-0.0003176049
0.0006485928
0.037396
-0.01275773
-6.633662E-05
0.02781756
0.009188735
0.02514962
-0.02089134
-0.01025648
-0.0003732297
-0.01176857
0.003826108
-0.0019281
-0.0003846553
-0.08540048
0.001777049
-4.914699E-05
0.0004618177
0.1351273
-0.0007389467
0.0001230452
0.03782984
0.007890532
0.09724239
-0.04797631
-0.003889906
-0.006511975
-0.2438331
-0.1367993
0.008319576
0.0142092
0.001780163
-0.03573273
-0.02964982
-0.003356769
0.009416383
5.074096E-05
-0.001637857
0.07827119
0.02767421
0.002079639
-0.0008751096
0.01257924
0.07057604
0.01493989
-0.01696976
-0.003852452
0.0801935
-0.06396076
-0.6103804
-0.001500997
-0.1045552
0.0002102797
-0.03066898
-0.01787877
-1
-0.211289
0.0008133671
-0.05781393
-0.01557154
-0.2173049
0.03268023
0.01824764
-0.01455206
-0.5003573
0.01101102
0.08854809
0.001133626
-0.002030398
-0.0104067
-0.02310972
-0.04095617
-0.06619546
-0.003793133
-0.0001534068
-0.1689034
0.02525114
-0.7227939
0.0203663
0.0005411591
-0.005019874
-0.03215306
0.00727802
-0.0578911
0.03032383
-0.03685718
0.007607064
0.001673375
0.0061958
-0.003373316
0.001191375
0.00785416
-0.04842636
0.002714857
-0.007209868
-1
0.04094664
-0.01296988
-0.006136455
-0.02699714
0.2746424
0.006774299
-0.004030817
-0.0007120077
-0.03209567
7.466451E-05
-0.0001097875
0.05938653
0.4999497
0.07634479
0.03341773
-0.02181337
0.1669626
-2.953964E-05
0.9199514
0.06764606
0.004343155
0.03434275
-0.0001293902
-0.09243509
0.002187397
0.0001797158
-0.006905875
0.0137292
0.001542915
0.008734677
0.07532994
-0.0001828926
-0.0007364538
0.1583491
0.1098312
-0.004023771
0.00407374
-0.0002254326
-0.2502261
-0.01811437
0.0005326288
0.2525623
0.0006160892
-0.005046489
-0.7684181
0.04397589
0.04534367
-0.06909498
-0.02202119
-0.000780231
0.0036807
0.002942344
-0.0001373334
0.01218249
0.2730024
0.004044488
-0.01670901
-0.2039336
-0.03054131
-0.1026359
-0.09558649
0.2173103
-0.0006877031
0.2531062
0.07972342
0.003254391
-0.02473064
0.004107079
-0.1273722
5.437143E-05
0.01568245
0.00113403
-0.02496555
0.005068309
-0.003808045
-0.07008238
-0.003360566
0.2845192
0.000108457
-0.02089884
0.2735362
0.02201811
0.5525472
1.964021E-05
0.1746667
-0.003876029
-0.04472993
-0.009607695
-0.003448171
-0.003535451
0.3935905
-0.01098124
-0.003697221
0.0005770638
-0.001744447
-0.001068689
-0.002768925
-0.005144436
0.01244377
-0.0009313367
-0.02746002
-0.0001304795
0.01421725
-0.01666474
-0.000888472
0.000450585
-0.001757789
-0.008973057
0.005994143
-0.0005123245
0.2133216
5.804917E-05
-0.2594925
-0.006699192
-0.9288462
0.0007215586
-0.0002780064
0.0009086198
-0.04576565
-0.004643366
0.006846057
0.04730892
-0.006533828
0.01312857
0.06044629
-0.01973677
-0.1793121
0.03833975
-0.016249
-0.01168195
0.0283782
-7.27063E-05
0.0001275623
-0.04551496
-0.03680205
-0.01120145
-0.000852516
0.0002715126
0.01776972
-0.002800478
0.0004479288
-0.4705254
-0.008167844
0.2747138
0.002209667
-0.003903612
0.119223
-4.962341E-05
0.8550287
-0.007018933
-0.03479028
0.005302534
-0.5979986
-0.0007823603
0.1255314
-0.09042528
0.1394833
0.1274204
-0.009439929
0.02241901
-0.001405915
-0.04282303
-0.006082093
-0.01362619
-0.3544004
-0.0007449867
-0.0006673685
0.0007041949
0.0282838
-0.02366187
0.005454687
-0.002096235
0.0806637
-0.04300151
0.02509714
0.0007537205
-0.04063797
-0.001158582
0.01653228
-0.0006447604
-0.01493591
-0.005208607
-0.0150909
-0.006402744
-0.003283711
-0.06868576
-0.0006494049
-0.003056468
0.02729896
-0.000135799
0.07615065
-0.0002600328
0.003184947
0.1101404
0.02541653
0.0009487981
-0.009201521
0.02259514
0.02379434
-5.495577E-06
-0.2463468
-0.008222216
0.01468889
-0.2226658
0.008446712
-0.01524566
0.005241906
-0.00647782
-0.01230684
-0.001088586
-0.0004886063
-0.03980564
0.004176403
0.007356584
0.1325281
0.01464168
0.46943
0.001002501
0.002716521
0.0008473241
-0.002553175
0.1952466
-0.001073804
0.08317524
-0.8633263
-0.0006984503
0.01486497
-0.05991181
0.05993657
0.0001828071
0.3386657
0.04488571
-0.2001473
-0.003158819
0.0007236158
-0.004411088
-0.08634495
0.0104636
-6.21874E-07
0.03916968
0.0003240372
0.239241
0.06409246
0.01425016
-0.01542753
-0.01944287
-0.009951557
0.002396257
-0.01891006
-0.05951449
-0.006005792
-0.0001582821
-0.7197917
-0.0002127757
-0.5035409
0.03913701
0.001729957
-0.0001153199
-0.01171359
0.0006632494
-0.08486902
-0.006728249
-0.003746761
-0.1686311
0.02907446
0.001320104
0.0005724742
-7.693812E-05
0.1298019
-0.002833538
-0.0065572
0.05042364
0.0003279627
-0.004037387
0.01185203
-0.002515003
-0.0005757614
0.0007913537
-0.01231926
0.0703378
0.02720822
0.1868986
-0.004363862
-0.006026805
-0.0001351976
0.5719193
0.007322854
0.02662031
0.009031503
-0.3453509
0.0001640181
-0.1713142
-0.0005552259
0.05722679
0.05375842
0.002371877
-1
-0.007857582
-0.02088353
-0.2251025
0.01286669
0.1796679
-0.001614357
-0.0006323226
0.001528611
-0.03453423
0.06404147
0.002022865
-0.2778169
9.317692E-05
0.03406203
-0.07515276
0.0002213912
-0.000359292
0.1570614
0.0004634414
0.003085113
0.02687306
0.0881723
-0.0008393615
0.004948731
0.008972823
0.0008414305
-0.000280096
0.02416965
-0.0006575394
0.005315237
0.02233026
-0.04371634
0.3362853
-0.002946784
0.02893299
-5.98672E-05
0.001638702
0.00530878
-0.02052346
0.05820049
0.02695158
-0.003040836
0.1855635
-0.009657933
0.008705487
0.002599723
-0.0005186657
-0.3731973
-0.00289849
-0.0007716366
8.257145E-05
0.007228464
-0.0005386809
0.06396659
0.003348345
0.05694155
-0.03316113
-0.2394444
-0.00177178
-0.001942756
0.01119369
0.004806965
0.0001701628
-1.963817E-05
0.002928597
-0.004410253
0.002883384
-0.1806183
0.06000733
-0.004169159
-0.02716834
0.081342
0.09306977
-0.05662484
-0.1006566
-0.0465572
0.06156306
-0.005413322
-0.004189305
0.578065
0.0004902848
-0.01697612
0.01060737
0.003805651
0.2408833
-0.001477716
-0.01166857
0.2003921
0.2114635
0.0004932309
-0.00137268
-0.01394925
0.6974713
0.08332217
0.03582597
0.0005213417
-0.0006198944
0.03547986
0.001516649
-0.02237458
0.3218156
0.01014796
-0.0003777282
0.02497031
0.02000436
0.000183507
-0.00684701
0.0004655896
0.2915748
0.0351364
-0.0005269091
-0.1449157
-0.001483449
0.03489131
-0.2388027
-0.01893923
-9.576388E-05
0.0001954262
0.01137032
0.001216058
-0.002865289
-0.02199273
0.4005536
-0.0015115
-0.02831761
-0.2289148
-0.1094669
-0.002843531
-0.07621104
0.1158191
-0.004050848
0.07936937
-0.007380783
-0.04199562
0.3707787
0.00100143
1.814173E-05
0.0005022483
0.006483368
-0.03947549
-0.0005232937
-0.03722891
0.5049106
-0.1393677
0.08107599
0.01501777
-0.05635495
0.0009088571
-0.0002360939
0.003258661
0.02127517
-0.04864913
-0.1585275
-0.0001909442
0.04299328
-0.1917984
-0.0006054646
-0.04406896
-0.02175604
0.4569496
0.0003932075
-0.6303179
-0.09815872
0.07908064
-0.03159825
-0.4179273
0.1013242
-0.00660717
0.1038273
1
0.1026904
-0.03242343
-0.00483794
0.00690694
0.1358688
0.04481735
-0.02685792
0.0012969
-0.003639694
0.08448566
-0.002449516
-0.02318232
-0.06578424
-0.4331109
-0.002165374
0.833034
-0.02359021
-0.00430353
0.002959602
-0.02475854
0.03084622
0.2572236
0.03660692
-0.007142541
-0.100802
0.004208632
-0.04071227
5.631824E-05
-0.005503677
-0.00132683
-0.07133017
-0.001783891
0.01726974
-0.01152015
-0.01488487
0.0001063933
-0.01125528
-0.06253611
0.0833346
-0.769392
-0.07891947
0.02886218
-0.09410372
-0.05269711
0.1956953
-0.02402322
0.006402345
0.09440123
0.01588516
-0.174926
-0.3827218
0.1732652
-0.2051321
-0.001021132
-0.03638836
-0.002827107
-0.00152024
0.01358831
0.3004521
-0.009473328
0.1154582
0.002993084
0.001146878
0.3407912
-0.01543139
0.4887583
0.0005856263
0.001501197
0.009623673
0.02055035
0.006278902
-0.00123321
0.02307872
0.02691339
0.0005337126
-0.02218512
-0.2488611
-0.6554209
0.1991957
0.4755459
-0.00081881
0.002288209
0.1030162
0.004565358
0.04132952
-0.01786428
-0.01186342
0.3777269
0.03131184
-0.2100429
-0.0008752932
-0.000887871
-0.01057864
-0.6570591
0.01432943
0.0007387148
0.09012915
-0.001855654
0.02027818
0.0007643623
-0.002388706
-0.2015265
-0.006892817
0.9021257
-1.471308E-05
-0.01808295
0.0002593957
0.02066612
-0.001134791
0.0002550471
0.07370789
0.00788552
-0.04348249
-0.03767532
-0.01192938
0.01682186
-0.05712234
0.003844304
-0.0318874
0.01033635
0.6953177
7.160844E-05
0.07132931
0.0145563
-0.05999272
0.02260144
-0.01554817
0.05424161
0.03541998
0.04660125
-0.2365584
-0.007797602
-0.002376586
0.0007357952
0.05998804
-0.007550974
0.002945086
-8.333333E-05
-0.6702009
0.02908069
0.009192394
-0.9449178
-0.01518937
0.03155755
-0.006662789
0.1945873
-0.009509782
0.003605195
-0.009801658
-0.6460226
0.1261816
-0.002926233
0.5181026
-0.6010911
-0.02825805
-0.701799
0.001497448
-0.0001500222
-0.001407595
0.0003691596
0.04006409
0.02633015
0.000590611
0.2915477
0.0005680369
0.000891425
0.4834502
0.05719306
0.3635087
0.07187868
-6.241207E-05
-0.002025955
0.000265403
0.2590786
0.006021697
0.07331923
-0.001852473
0.01674546
0.01237261
-0.0879048
-0.001707846
0.002977047
-0.2217118
-0.004331285
0.1270091
0.7848907
-0.02379963
-0.0007558097
0.002292042
0.578625
0.2011288
0.04094668
-0.01771924
-0.1779736
0.06635075
-0.3463517
-0.001057498
-0.0008062543
0.000205963
-0.00147824
0.03519164
-6.752901E-05
0.006742809
0.005885361
-0.04629296
-0.0453675
-0.08300202
0.001435494
-0.01726769
-0.9024321
0.4601456
0.009483538
-0.0622138
-0.815225
0.0002638419
0.0002423391
0.001132922
-0.003545468
0.02680246
-0.004844687
0.0004879588
0.001921425
0.3731064
0.0788355
-0.01716654
0.0008526627
-0.01722787
-0.0004011363
-0.0004866862
0.0001294619
0.007147092
0.009519953
0.147884
-0.12208
0.004771289
-0.02194087
0.1710219
1
0.002227284
-0.001288432
0.0462812
0.004138414
-0.0146149
5.55315E-05
0.02292491
0.0008471787
0.03923405
-0.00732284
-0.0196122
0.1920684
0.0002248498
-0.06546003
-0.01011976
0.003025944
-0.0001359499
0.00464806
0.006588785
-0.003052085
0.002471955
-0.009948743
-0.001126235
0.0006373649
0.03853941
0.005046223
0.2440435
0.0001434436
-0.001422023
0.009023693
0.05309483
-0.04424891
0.001095577
0.04704652
-0.004638481
0.007926528
0.0001636629
0.03437741
0.001245779
0.005074725
-0.01580167
-0.1813484
0.0723424
-0.01523774
-0.01337707
0.006527126
-1.113124E-05
-0.006380951
0.0005003489
2.29806E-05
0.02144904
-0.03040528
0.01032227
0.005498032
-0.01079936
-0.0005210117
-0.0197707
0.2304579
0.03862354
0.1678638
-0.02535872
0.01039943
0.01284669
0.008594241
-0.001121316
0.001594674
-0.07698164
-0.09876046
-0.005888094
0.02368363
-0.01364754
-0.03449054
0.240115
-0.005790051
-0.02150415
0.007182915
-0.0005898215
-0.0007451209
0.01497531
0.0106663
-0.007908278
3.116524E-06
-0.00411951
2.681129E-05
0.01675939
-0.0002105393
0.003199565
0.02304566
0.001975203
-0.04552735
-0.3811458
0.005819998
-0.00735873
-0.0009570011
0.01879995
0.02566823
0.08183859
-0.03570838
0.09851794
0.2062094
-0.01322387
-0.04017987
0.03083668
0.0420772
-0.5268623
-0.1867857
-0.02536032
0.009375224
0.003427074
0.000915067
-0.000494535
-0.0006760707
0.01080665
0.006222397
0.3738699
0.007265372
0.001261037
0.0008224155
0.04863395
0.002811097
-0.01074696
-0.008450372
-0.0003293858
-0.002187291
-0.01044059
0.002532129
-0.006043198
-0.4678326
-0.2991703
-0.4339209
-0.0003557244
-0.0470144
-0.001408742
0.0001398652
0.1346326
0.1217504
-0.0007296579
-0.00169363
0.0162238
0.01156017
0.008087092
0.008421033
-0.0002478199
-0.1892221
0.04056612
-0.284095
0.1278849
0.001865605
-0.007351295
-0.009496251
-0.01702912
-0.1282467
0.03364627
0.01670061
0.0001527449
-0.001671647
0.00701645
-0.1642225
0.1045442
-0.004557022
0.08680443
-0.114025
0.02813978
-0.0007283699
0.0005651743
0.0003494475
7.009863E-05
-0.01124978
-0.104844
0.02507692
-0.5864177
-0.2406895
-0.1536098
-0.0004639382
0.4161291
0.007553065
0.02341468
0.0144809
-0.0008327779
0.0001461309
0.007340195
0.004589528
0.0002772517
0.008214578
0.005267463
0.01625095
0.001123677
0.002781374
0.001317044
-0.007453541
-0.02437625
-0.2377506
0.01041342
0.1904312
0.04458096
-0.6750609
0.01299392
0.03905281
-0.04020531
0.003570364
0.5897527
0.02834337
-0.4967944
-0.01599299
0.6503175
-0.0002471253
0.1074081
-0.002003437
0.03677022
0.02371081
0.0005680365
-0.04949885
-1.960654E-05
0.02218845
0.00692074
-0.05426819
-0.2463326
-0.008205953
-0.0002518159
-0.001917914
0.00518757
-0.002855137
-0.004424629
0.0001815293
0.01249159
0.0005534129
-0.003203542
9.272925E-05
0.04617736
-0.2236862
-0.06413966
-0.002466472
0.008022514
3.310017E-05
0.002070508
0.005067199
0.0007035572
-0.01784919
0.02782331
-0.3963113
-0.00867021
0.03647993
0.02681535
-8.420921E-05
0.002254479
0.01514954
-0.1692263
0.0007225205
0.0009796425
-0.01283884
0.004696101
0.4589417
-0.8115854
-0.02879111
-0.01561147
-0.005627306
-0.006738556
-0.007193885
0.04110868
0.02073542
-0.01591135
0.5184143
0.3140356
0.001963243
6.616345E-05
0.1758218
-0.005951792
-0.1606803
-0.2431955
-0.6575346
-0.6863751
-0.4376279
0.002407181
-0.07558227
-0.01865854
0.005487986
0.001093056
0.0002978982
2.13575E-06
-0.0001114251
0.3248446
-0.5320073
-0.03744176
-0.040576
0.01399908
0.0004099486
0.1098094
0.0007125051
5.728563E-05
0.04146926
-0.001224982
-0.02744796
0.5379374
0.0158685
-0.0009641115
-0.0001246802
-0.01746274
-0.1267221
-0.09152213
-0.08693714
-0.2497203
0.02117903
-0.0105638
0.03109054
0.0001891719
0.0002367305
-0.001294281
0.007542622
-0.06607433
0.3088509
0.001149438
0.01894514
-0.001479184
0.01947452
-0.006275692
-0.02929864
0.4263752
-0.2913522
-0.1469255
-0.005574167
-0.05767435
-0.2453226
-0.003923368
-0.0040544
0.1401095
0.03048538
0.01014368
-0.004775607
-0.02377804
-0.00579204
-0.05040069
0.008964663
-0.01129397
0.01502333
0.0001432458
-0.009317361
0.000333952
-0.0002940408
0.6857513
-0.06990708
-0.004514704
-0.3584591
0.000102066
-0.01622695
0.002449488
-0.3393116
0.01099539
0.2392863
0.0296113
0.006909844
-0.03157848
0.004520732
0.1634196
-0.02621105
-0.001353706
-0.3985077
-0.01002164
0.171983
-0.114375
-0.1662007
0.07471558
0.0536015
-0.105177
0.03880778
0.003667352
0.08337348
0.001661981
0.07255408
-0.08551189
0.01997611
-0.03555496
0.002889748
0.09475551
0.001457518
-0.01266281
-0.0046848
0.0001800593
-0.07035372
-0.1114374
6.398877E-05
-0.0007033031
3.395608E-06
8.016488E-06
0.001054172
0.0232289
-0.005311571
0.01520361
-0.1147077
0.0002423684
0.002735243
0.0267155
0.007224989
0.2225683
-0.0007651379
-0.002788291
0.0001880068
0.9025353
-0.05861833
-0.003074845
0.005362062
-0.01820153
-0.1271812
0.05275393
-0.6403331
-2.657641E-05
0.3277076
-0.007246085
-0.7107777
0.0003380028
0.03981882
0.3960918
0.01563669
0.0005126574
0.3724883
-0.0006767085
-0.4891641
-0.0008135377
-0.004712073
0.006596104
0.2921679
0.01890202
-0.6795558
0.0004758404
-0.001101128
-0.01350908
0.09774654
0.01064149
-0.0001425965
-0.009698068
-0.06211668
0.007380265
0.01318158
-0.00588028
0.02303299
0.00323256
-0.8515622
-0.1168229
0.08520985
0.2355647
0.05002784
-0.0001793414
-0.04296326
-0.004684993
0.0007121354
0.01129063
-0.0004557505
0.05352557
-0.1394832
-0.1423203
-0.6031941
0.03005455
0.009249311
-0.8917878
0.002492422
0.1563622
0.1393306
-0.01970432
0.001095293
0.5334505
0.004537581
0.0123681
0.004715353
-0.06338771
-0.01240058
0.02314097
-0.0002521751
-0.01553194
0.001621377
0.000274895
-0.007546678
0.3098128
0.02585435
-0.1222388
0.0002224592
-0.004758047
-0.00237788
-4.71563E-05
0.04229338
0.1238959
0.1639043
-0.002871814
-0.09317297
-0.004808979
0.2484106
6.652617E-05
0.004156543
0.0006117528
0.002301128
-0.02613459
-0.01259189
-0.001672162
0.003967764
0.008660438
-0.01777687
0.04362546
0.2081009
0.004452446
-0.009169091
-0.001703318
0.005190348
0.01130175
-0.02740613
0.04245492
0.1372736
-0.8095296
-0.002253234
0.008513458
0.0269359
0.04842619
-0.04463722
-0.6840864
-0.0006214494
-0.003737699
-0.04224077
0.1848709
-0.01753475
-0.02653738
-0.0336766
0.05642271
0.1867262
-0.4966914
0.0005459618
0.01296642
-0.01200682
-0.0005621823
0.0004441777
0.0005385762
-0.006395368
-0.1133485
-0.1283476
0.002512025
0.0006957612
-0.0146956
-0.005390378
-0.003983663
6.744281E-05
0.001514213
0.01545174
-0.0002052407
-0.03863149
-0.01221672
0.08643786
-0.003983178
0.01239136
-0.01520623
-0.3412739
-2.651631E-05
0.002928151
0.004886741
-0.002574411
-0.006644282
0.001780992
0.02901398
-0.3061408
-0.06109487
-0.006398466
-0.03050112
-0.0183149
0.005175412
0.01231182
0.1974935
-0.007827086
0.002999014
-0.1480484
-0.03790857
0.0002399472
0.2073143
-0.0201138
0.008111315
0.219804
-0.01184187
-1
0.0196297
0.004625211
0.01778672
0.1178745
0.0001299087
-0.008300992
-0.03298415
-0.02957697
-0.003230776
0.1090789
-0.02532246
0.008937114
0.04891802
-0.0396217
0.3127688
-0.003186843
-0.0004184507
-0.01057374
0.02115083
-0.006912343
0.01298531
-0.08285341
-0.003921859
1
-0.05768333
0.0004709061
-0.01335015
-0.01132472
0.0713684
-0.4141152
-0.44532
0.0005838904
-0.03043646
0.0112079
-0.0526306
-0.2288249
-0.00208273
-0.001741604
-0.4917585
-0.007575143
0.01075809
-0.0568955
0.0596063
-0.02662779
-0.01999368
0.002023033
0.009497162
-0.06454489
0.001441998
-0.01953
-0.01267949
6.34691E-05
-0.06879586
-0.0002217314
-0.009594521
0.05535127
0.06476332
0.03779994
0.01453682
0.0261637
0.0007035595
-0.005046921
0.03750883
0.01843158
0.02347463
-0.004380014
0.002390354
-0.1645179
0.07806559
0.0004807388
0.1420392
-0.1230231
0.3928022
0.03763307
-0.00280355
-0.0003973355
0.0009014336
-0.009253162
0.006585859
-0.01258107
0.00867779
0.002487627
0.0006702183
-0.03260125
-4.150909E-05
0.06171799
-0.0005777493
0.007482944
-0.2250504
0.2608084
-0.7450066
-0.01804671
-0.1459803
0.004142934
0.3562211
0.001155349
-0.063926
0.3212957
0.001134325
0.1454612
0.0004171713
0.001359186
0.001197082
-0.6139298
0.05372471
-0.1102454
-0.0008702722
-0.002881335
0.64971
0.02807462
0.433593
0.3204723
-0.004474077
0.07221289
-0.001934075
0.001287434
0.003793714
0.1425813
0.4926666
-0.1433919
-0.01244283
-0.0007531567
0.0002250445
0.09684637
0.009166021
0.00761607
0.001882413
-0.2202082
0.0006152707
-0.01512234
-0.0006620302
-0.01040715
-0.1195672
-0.0002936341
0.02299133
0.3160083
0.6654696
4.401889E-05
0.003743418
-0.008040703
0.003423867
-0.007997836
-0.01015414
0.0003814648
0.001502471
0.02260513
-0.2477404
-0.0003904231
-0.03453043
0.05163801
0.120508
-0.6110214
-0.1865566
-0.01383455
0.2728796
0.004519948
-0.8093587
0.01136421
0.002226842
0.01531261
-0.1324426
-9.925761E-05
-0.02017091
-0.01590598
0.002734321
-0.0345885
0.06294151
-0.09839184
0.01369965
0.01977923
-0.02633953
-0.1452975
0.1612299
-0.1446601
0.001166591
-0.0006401705
0.001163169
-0.000567075
-0.04408161
0.0008553137
0.002886697
0.00294556
0.03490041
0.007815211
0.008118337
0.0004477282
-0.0004095007
0.02882331
-0.0005768405
0.05886175
0.01381041
-0.09988609
0.009291723
0.0003724901
-0.006903883
0.00850403
0.01722032
-0.1882436
0.06851553
0.006940644
0.08317143
-0.00601499
-0.002236923
0.005229739
-0.0006567144
-0.3849086
-5.733039E-05
0.2200214
-0.04007518
-0.01371595
0.09979183
0.002066127
-0.03795144
0.004104245
-0.01702706
-0.09818535
-0.006467886
-9.918772E-05
0.027058
0.3244241
0.01650688
0.005245492
0.002102065
0.02207703
-0.2837774
-0.009015254
0.02493767
-0.01632125
0.03138814
-0.02737844
-0.002284503
-0.001129674
0.0004075743
0.05469528
0.0123358
-0.01430068
0.0003749873
0.03356007
0.001186944
-0.006754972
-1
-0.0009629549
-0.3807594
-0.009937272
-0.06297492
-0.00509927
-0.004462333
-0.0219138
-0.0003403097
0.01313747
-0.008569699
-0.005984414
-0.06622367
0.05821493
-0.005570374
-0.0001844746
0.001665107
-0.009997611
0.01234667
-0.02323044
0.0006596472
0.02759932
0.0003239053
0.08488588
-0.0008100676
0.007279564
0.001409854
-0.01179695
0.5239601
-0.0442307
-2.438831E-06
0.001384829
-0.02706246
0.002455139
0.1155474
-0.01309212
-0.02837692
0.1553636
0.001156618
0.002120949
0.03422119
0.004948807
-0.0001645097
-0.09417889
-0.08289421
7.198032E-05
0.03691125
-0.005535262
-0.00375281
-0.03763589
-6.63433E-05
-0.007474252
0.5421717
0.0001800011
-0.01807516
0.1079293
0.09658828
0.0007447039
-0.001471011
0.005727257
0.002245232
-0.009103272
-0.2399987
0.003244031
-0.1333521
-0.008999524
0.04458319
-0.2019516
-0.2237968
0.0008418689
-0.06630706
-0.2100483
0.0009250717
0.001376341
0.90013
-0.01712464
-0.00811773
-0.02383671
-0.0001965398
0.08256461
-0.0001561699
0.2124494
0.7832186
0.07155034
-0.03726568
-0.003499658
-0.2658915
-0.002066658
-0.01088949
0.03585733
-0.3724174
0.05087171
-0.01263519
-0.07518252
-0.3027352
-0.02821335
0.007378384
-0.000401938
0.1925871
-0.03781512
-0.4866517
8.764314E-05
-0.0132502
0.1887722
0.01928752
-0.005114652
-0.3051214
-0.0005797821
0.01344643
-0.03673051
-0.2514578
0.002541851
-0.001991878
0.03986184
-0.0003049773
0.005563828
0.008124043
0.001783943
0.005440183
0.0007348312
-0.0009457782
-0.01542676
-0.02906519
-0.04392884
-0.006122089
-0.002943273
-0.1274914
0.08794428
-0.0002341796
0.00379956
-0.004607792
0.005302937
0.003474922
-0.02702755
0.002898077
0.05127696
-0.004452952
-0.1655726
-0.04897196
-0.1165956
0.009710918
0.4786301
-0.05297572
0.004088033
-0.009528046
-0.0006814307
0.04924081
-0.7837666
-0.01245284
0.01014119
-0.1177531
-0.01653127
0.002263578
-0.0003525048
-0.002599319
-0.01591364
-0.005094098
0.000656056
0.0004988314
-0.003698225
-0.1326391
-3.532407E-05
0.0128392
0.007436817
-0.00575469
0.02535098
0.01568393
0.07363752
-0.002239754
-0.07273534
0.1281475
-0.04799007
-0.07120929
-0.0005878747
0.0929504
-0.0135666
-0.004761814
-0.2315728
0.007869924
0.0001943481
0.0001755986
0.003442596
8.985151E-05
-0.01618104
-0.4631
0.02867216
1
0.0538913
0.001857635
0.008651271
0.04561136
0.3014457
0.0318883
-0.005735926
-0.003372689
0.2092375
-0.008867791
-0.0001137786
0.1001025
0.001428106
-0.001526698
-0.002721897
-0.006954298
-0.0001351266
-1.21061E-05
-0.2149834
0.02431301
0.0008001126
0.000867939
-0.006720203
-0.0001266918
0.006132512
0.01063876
0.1985942
-0.01899027
-0.002962153
0.1094475
0.06469964
-0.01966046
0.0162114
0.1128888
-0.04955385
0.01094246
-0.001907617
0.01062099
-0.0214891
0.02915252
-0.0198224
-0.001151188
-0.002221014
0.0005680014
0.4984059
-0.03549082
-0.004183304
-0.4925297
0.0008066811
-0.01614285
0.01527514
0.01024748
0.006140505
-0.0008777829
-0.03014332
0.006767472
0.3180034
-0.006880685
-0.04561971
-0.4576305
-0.004335773
0.02217145
0.01094559
-0.40671
-0.05643037
-0.01190349
-0.02223019
-0.002356243
-0.1182881
1
0.0005327062
-0.01094454
0.07888942
-0.1131173
0.5966414
0.1671055
0.120149
0.2443104
0.6368521
0.001305869
0.03963997
-0.0001801612
-0.001299857
0.1960671
0.01199993
5.109271E-05
-0.002008462
-0.04781131
0.1927075
6.55263E-05
0.02136305
-0.2371185
-0.7463782
-0.0003818601
0.06428491
-0.004122573
-0.0218317
-0.007170589
-0.005097544
-0.007129313
-0.07011306
-0.8383694
0.004786654
-0.0005025978
-0.278803
0.0002172612
-0.02786011
1.941746E-05
-0.009877784
-0.1580834
0.004966164
-0.3186988
-0.8632069
-0.01259281
0.004878419
-0.08167195
-0.1695801
0.02099147
-0.09441508
-0.0003832798
0.7570465
-0.03065665
-0.08530026
0.003466187
-0.002424722
-0.0001689512
0.01945428
0.005710116
-0.2714343
0.009176794
0.348738
-8.126432E-05
0.00210862
-0.002890358
0.00128003
-0.03456389
0.0088688
-0.00756618
-0.001255094
-0.0128064
-0.001337077
-0.007642259
0.3150756
0.1008673
0.1967332
-0.001002816
-0.006299607
2.20811E-05
-1.947287E-05
-0.01298587
-0.00134496
-0.02033393
-0.0002762157
-0.2645608
0.001112254
-0.003898822
0.3417593
0.02083054
-0.02284358
-0.001374756
0.022505
-0.005086021
0.008621584
0.0007164063
0.0108176
-0.001054891
-0.1328767
0.5969103
0.01071266
0.04150993
-0.02702081
-0.8923463
-0.09175174
-0.1925722
-0.07148478
0.003029096
-0.1734069
-0.02198093
-0.0004402137
-0.002070082
0.01750155
0.1747571
-2.953591E-05
-0.01200519
0.07557265
-0.001459947
-0.00139921
-0.06745226
0.07949602
0.002874643
0.001839122
0.4438565
0.001993452
-0.09686596
-0.003382632
-0.0003870672
0.0004640222
0.01096659
-0.003451319
0.0133878
1.564404E-05
-0.03627957
0.001307018
-0.0008839886
0.001083597
-0.2991341
-0.000168703
-0.0178008
-0.01967757
-0.002916595
-0.01739033
-0.1182182
0.01819918
-0.03010959
-0.02484673
-0.001145827
0.004422619
-0.003539685
0.0005085496
-0.000119458
-0.6543993
0.09471107
-0.002280793
0.002980039
0.02558291
0.07910284
-0.1106713
0.7651268
-0.01947207
-0.0003081771
-0.002250018
0.002017631
-0.001890438
-0.000169308
-0.001237176
-0.003508428
-0.01367217
0.3831825
0.01298404
0.009311005
0.000881882
0.0004996071
-0.009300412
0.001712622
-0.1483398
-0.02338633
0.03149613
-0.06649163
0.02386689
0.005574368
0.02281097
0.005500198
-0.0003932233
0.1012729
0.03725232
0.8506321
0.0198267
-0.02684551
-0.03047809
0.007376491
-0.005359958
0.0001565171
-0.01530544
-0.02009157
0.001665839
0.001827686
0.03572772
0.02658395
0.5891146
0.003199607
1.081713E-05
-0.000355361
0.01069622
-0.0007110044
-0.0009793087
0.003641566
0.002908621
0.0008977222
-0.002971632
-0.3165672
0.0488946
0.4986832
0.1425833
-0.05662843
-0.01510049
0.001155795
-0.005300581
0.001603876
0.004335792
0.120245
0.02226468
0.004219701
-0.04465237
0.1573185
-0.0007164711
-0.02928996
-0.2947527
-0.01574042
0.01801073
-0.08297503
0.006222231
0.007600939
0.00840815
-0.001393514
0.02581029
0.01517945
0.01858864
0.2212384
-0.04346785
0.2972715
-0.07233871
0.07307687
0.0007926658
-0.01880168
0.0006536132
0.004002147
-0.02142647
-0.0765686
0.1330166
-0.3337827
-0.383955
-0.09666066
-0.004488401
0.00191832
0.02639872
-0.004841744
0.1476968
-0.9682404
-0.0006700325
0.008779915
-0.0005778107
-0.03532143
0.0006616935
-0.002296713
-0.001945032
0.04403628
0.162817
0.004812077
-0.03924753
0.02416985
-0.0003297265
0.000347367
-0.0005662126
-0.0002223727
-0.04928515
0.009386377
-0.09348482
0.0001476646
0.002345429
0.01136832
0.006311821
-0.8468615
0.01851263
-0.08679813
-0.0100264
-0.04996905
0.01194877
0.006294504
-0.001265556
-0.03001328
-0.007465508
-0.2231121
-0.01891713
-0.0004239732
0.01079138
-0.2093093
-0.1596672
-0.01102262
-0.005853737
-0.01610976
0.04335585
0.01786189
-0.003947203
0.01954668
-0.2393681
0.004320474
3.34716E-05
-0.00810922
-0.01206227
-0.3138226
0.0804505
-0.3573222
-0.02589439
0.01178737
0.004793758
0.03756066
-0.0005095066
-0.03429982
0.005668777
-0.04308189
0.03039944
-0.9841263
0.002440383
-8.502235E-05
-0.675056
-0.004418408
0.02403125
-0.2197774
0.04967643
-0.001713431
-0.002322961
0.004273279
0.01553796
0.0109889
0.0701801
0.005028279
-0.6685092
-0.788375
0.02270916
0.1512557
-0.9077431
-0.01000472
0.07094537
-0.004818063
0.01206932
-0.0006745874
-1.264033E-06
-0.0819333
0.1021139
0.003595771
0.01747342
0.02293936
-1.892924E-05
-0.2557442
0.06371877
0.3382411
-0.0006689049
-0.04453636
-0.001933937
0.04673618
0.00422599
0.1466841
-0.005208906
0.009231297
0.3336729
-0.01741838
7.970712E-06
-0.2686319
0.02716025
-0.0006161458
0.001798386
0.05508731
0.01806251
0.0004214757
-0.9764776
-0.08366644
0.4565616
0.0892264
9.134143E-05
0.001617631
0.009367963
0.04063845
0.0007779207
0.06806535
-0.09137975
-0.0009554757
-0.08312466
-0.008929841
-0.0007375428
-0.001521199
0.2040937
-0.004528407
0.1580459
0.008649951
0.005295821
-0.006627762
-0.02694186
0.0003647888
-0.004190403
0.01075512
-0.01767842
-0.002741009
0.00264731
0.0003939176
-0.01192638
-0.001178553
0.001675085
0.03421715
0.001132119
0.07431643
-5.408235E-05
0.03260891
-0.02172917
0.01675328
-0.02437125
-0.004305555
3.150549E-05
-0.006338115
0.02510026
-0.003025207
0.004359507
0.0606549
0.06286968
0.02364965
0.1745751
-0.0004949287
-0.6344783
0.002188142
-0.07272829
0.03469912
0.1835353
0.426963
-0.2652726
0.0006851587
-0.009205415
-0.03461325
0.4746253
-0.0001937428
0.01129922
0.001457437
-0.004209163
0.0008742706
0.2668591
-0.004489361
0.00167188
-0.008394004
0.01070217
0.6420113
0.02397724
-0.5094675
0.0447327
-0.3423045
-0.0005248736
-0.2321383
-0.03076484
0.002020766
0.008441648
0.03152109
0.2174398
0.0003152125
-0.2136193
0.01843482
-0.00130395
0.04726419
-0.004105695
0.001995245
0.01281815
0.00270858
-0.0001031624
-0.0002124021
0.004444117
-0.03735216
-0.0007776172
-0.006554754
0.06034519
0.01212198
-0.02412417
-0.008900703
-0.001247863
0.0614673
0.09100901
-0.00311738
0.04482755
-0.001582256
-0.005161663
0.0002267724
0.0002966026
0.2778679
0.04860811
-0.005998896
1
-0.09119526
0.2986773
0.01004652
0.00467505
-0.00761815
-0.01519951
0.03678934
0.1140463
-0.007976833
0.03823424
0.002617521
6.825539E-05
-0.01780158
-0.5072122
0.003230431
0.0006873942
0.001985619
-0.1348085
-0.4726744
-0.1028397
0.004293812
0.003650988
-0.0002516243
-0.01064711
0.05155733
0.04133836
-0.7479609
-0.00992585
-0.0736476
-0.05758861
-0.04781664
-0.0006594566
-0.06498096
0.0008662712
0.001346637
-0.06526506
-0.00534252
1
0.001784443
0.001338207
0.009696366
0.0002945428
-0.07643837
-0.09830948
-0.07675236
-0.003574391
-0.0004874219
-0.05231933
-0.02332607
-0.02348185
-0.0113144
0.0284
-0.2938901
0.0790599
0.0006820837
-0.07126745
0.02600975
-0.08329583
-0.008733531
-0.004645477
0.1115161
-0.0001638636
-0.01058934
-0.008908664
-0.003075236
-0.000271516
-0.0001274025
0.03738451
-0.02767517
0.007441043
-0.01045569
0.009257227
0.0004187457
0.008796853
0.02399115
-0.0008721542
-0.01608714
-0.03603151
0.005796866
-0.02315268
7.888998E-06
0.0005899105
-0.01127247
-0.2200873
0.002277021
0.00928798
0.06050548
-0.04218622
0.007473029
-0.0001997475
0.2393789
0.4934641
-0.002026638
0.2037452
1
-0.001814333
-0.03629423
-0.0902804
0.1134687
-0.0001573947
-0.05034209
0.005856646
0.02774045
0.0009212603
7.804688E-05
-0.1912161
0.004871244
1.902691E-05
0.03991813
0.9169041
0.1338044
0.2254956
-0.002500962
-0.2670888
-0.0003863794
-0.03788328
0.01609649
0.04561225
0.6343737
0.0138861
0.07201102
0.003817406
-0.0002343479
-0.01706139
0.001341699
-0.0004676829
-0.1882287
-0.01477392
-0.005986361
-0.05751422
-0.001142191
-0.0128534
-0.008623612
-0.0005277608
-0.2461768
0.02977845
0.05315298
-0.001106075
0.09409206
-0.0008279635
-0.06237576
0.05503919
0.1217951
0.04329105
0.03891223
-0.03353887
0.1310403
-0.0001235251
-0.01003325
-0.5244228
0.002246019
-0.6835212
-0.002006406
0.02520947
-0.0005959801
-0.05797862
-0.3229938
-0.004931763
0.009838033
-0.002052197
0.01462855
0.01554957
-0.002199199
-0.00141734
-0.09198468
0.03664866
2.782795E-05
-0.05691938
0.08171353
-0.01633295
-0.02157423
-0.02821633
7.99981E-05
0.3319716
0.02135776
-0.0119279
0.007893395
-0.0033631
0.02558056
0.01571065
0.0004622565
-0.004577348
0.1580625
-0.05370871
-0.01468926
0.0002000671
-0.01998953
-0.004910563
0.1058447
0.2912874
2.907508E-05
-0.05304676
0.06893902
-0.05570999
0.1008137
0.175658
-0.20949
-0.008421076
0.02462223
0.006653444
-0.5938073
0.006036819
3.594223E-06
0.005807783
0.1234376
0.003364292
-0.1448398
-0.002274053
0.03087729
-0.0003354967
0.08204886
0.06594399
0.001412931
-0.03627275
-0.008644982
-0.02161983
0.0005639902
1.514856E-05
0.03910568
-0.001925455
0.0006913682
-0.005529867
-0.0144886
0.02153825
-0.02744883
0.08415858
-0.04763335
-0.0005571673
-0.1925807
0.009087906
0.03063593
-0.001565082
0.1620471
-0.3484872
-0.002892754
0.002706597
0.002451111
-0.2824621
-0.9677085
0.08516362
0.3286117
0.005246136
-0.0007032013
0.0005550237
-0.003633365
-0.06395894
0.008704689
0.002561319
-0.0001248726
-0.009785628
-0.002019426
0.001093476
0.002502006
0.142438
0.1185135
0.0002111455
7.195902E-05
-0.01946595
0.04674552
0.05353155
-0.01192276
0.002556886
0.01173589
-0.007697294
0.0003993441
-0.008834279
0.04164319
0.0007884264
-0.001220228
-0.004151681
-0.006393668
-0.00263255
-0.003362586
0.06491394
-0.008749001
-0.05336193
0.01947085
-0.0004487413
0.3086975
0.04300018
5.596983E-05
-0.1967811
0.03087334
-0.01757112
0.00812735
-0.01328302
0.1066751
0.00238045
-0.03039
-0.04193161
-0.5306295
-0.003386345
0.05365967
-0.00233058
-0.000214496
-0.3973876
-0.4780772
-0.04179303
-4.894058E-05
-0.03572457
0.05799722
-0.05128783
-0.004215107
0.0004355354
0.1152026
-0.001127135
0.001390937
-0.01665087
0.01268314
-0.006749116
0.02855642
-0.02072043
0.3107239
-0.004975896
-0.8492168
-0.01080095
-0.3771775
-0.2768096
0.7293993
-0.05692738
0.2310062
-0.001572013
-0.01145077
-0.0119884
0.001667221
0.8144585
-0.04648208
-0.03912668
-0.01329774
-0.01973912
-0.08541241
-0.0006272983
-7.475236E-06
0.08790056
-0.06129589
-0.0742429
-0.02393343
0.01913891
0.001911939
-0.03983296
0.07019257
0.004278535
-0.004013531
0.02771092
0.01131184
0.03436795
-0.01387187
0.02992037
-0.1731898
0.003389134
-0.002782131
0.0001440106
-0.00947227
0.003501173
0.002143549
-0.0002411769
-0.03537637
-0.000842454
0.009577953
-0.09554001
0.06199622
0.0200822
-0.06012928
0.01131801
-0.0004267095
0.08220033
0.1292353
0.1298443
0.02302397
-0.00119862
0.0001285433
0.009253623
0.03463783
0.02541183
-0.07852023
-0.001323105
-0.192207
-0.1184192
0.0001466729
-0.02243983
-0.01217747
-0.05204128
0.0003332827
-0.002148455
-0.1731642
0.001292927
-0.1109397
0.03153431
0.08520848
0.01081581
-0.002502336
-0.02724278
0.01748022
-0.01622612
0.01207587
-0.005546685
0.02055161
-0.009330435
0.268992
0.02943658
-0.001995074
0.02870781
0.01583322
0.2667331
0.0002329391
0.01079196
0.1166834
0.2713319
-0.006763027
-0.01377011
-0.152461
0.01022293
-0.02355311
0.009897439
-0.03057821
0.8045534
0.005691655
-0.0001310975
-0.002363898
0.001791192
0.005899745
0.0003918612
0.02776151
-0.01356336
-0.09461412
-0.005445785
-0.0001025995
-0.1875768
0.1367821
0.00604263
0.0042613
0.000362532
0.0334466
-0.3016964
-0.006595911
-0.01774624
-0.002125851
-0.3050629
0.04600108
-8.355929E-05
0.1328832
0.006385555
0.01642597
-0.9098817
0.02288896
-0.0131358
0.2295603
-0.02702878
-0.000128485
0.03417798
-0.003534729
7.160877E-08
0.005511915
-0.02082684
0.03591518
-0.004800276
0.01998238
0.0008006567
-0.001637889
-0.02723796
0.003248199
-0.005884587
0.04299214
-0.0003046301
-0.0002455187
-0.04091842
0.1696264
0.1954295
0.0005930906
0.06317549
-0.1166379
0.06335001
-0.4108272
-0.001387633
0.02083487
-0.02464865
0.261522
-0.2411904
0.001205306
0.003102323
0.2487845
1.200929E-05
0.0008368994
0.2037696
0.09787617
-0.05782438
-0.001729534
0.0003289343
0.01723153
-0.5061417
0.02275105
0.1673935
-0.1979824
-0.03167249
-0.03384563
0.1205949
-0.00213692
0.0002529678
-0.002741615
0.001482526
0.01066609
-0.01056295
0.02411308
-0.02099432
1
0.1586453
-3.136376E-05
-0.2821712
0.0002786406
-0.006177444
0.002823155
-0.08764176
-0.001978339
-0.0007993908
0.03139987
-0.003106201
-0.07825174
0.05692241
0.0006274409
0.001747039
0.3228527
0.003810512
0.1379143
-0.004128294
0.001924012
0.007640691
0.03199248
0.007941272
-0.04409827
-0.06888517
0.001148714
0.001174197
-0.001291909
-0.002619214
-0.0002201038
-0.0598381
0.0003060789
0.006467488
-0.04750077
-0.007948084
0.003636063
0.0369909
0.01488024
0.1937984
0.07846578
0.0008607444
0.01626725
0.512198
-0.001528205
-0.0006793513
0.00697846
0.006670613
0.0002614067
-0.02438998
0.3028846
0.0005093137
0.008057474
0.3876639
0.01847966
0.001716831
-0.08401174
0.0002352352
0.007720789
-0.0002796271
0.03639351
0.001460987
-0.001462462
0.001722917
-0.003715436
0.00199671
0.349138
-0.0152305
-0.007849448
-0.001543151
0.002632321
-0.002484087
-0.0116167
0.01374642
-0.05353394
-0.0005353731
-0.0001669899
1
-0.01386668
-0.002056761
0.0006849472
0.01000039
-0.01466432
-0.07656742
-1
0.0008759381
0.0340006
-0.0003564532
0.006430327
0.01259345
-0.0001283722
0.1243239
4.792173E-05
0.04224171
0.003392319
-0.00333757
-0.06100602
-0.05790419
0.002142379
-0.00439524
0.1379
0.08518562
0.02896562
-0.04959721
-0.007477766
-0.003549076
-0.01027974
0.0002645683
-0.3115124
-0.03866184
-0.001794562
-0.005228358
0.0007820328
-0.0003733203
0.3307849
0.06556484
-0.007803025
0.1605137
-0.05298247
-0.0005213973
0.02755084
0.005332895
-0.06529401
0.007438228
-0.587606
-0.002892297
0.006516405
0.2977919
0.00355409
-0.0006544238
0.0001464928
-0.02373266
0.0003567736
-0.0005350818
-0.1211241
0.3336885
-0.0008983058
0.03161671
0.004658219
0.02507692
-0.0007528433
-0.0002860441
-0.005753452
-0.0243414
0.2199856
-0.002157448
0.006457766
0.01373273
-0.002442726
0.001099718
-0.001455474
-0.009486886
0.02614678
-0.050602
0.03624476
-0.008107745
-0.1469729
-0.0005146252
0.6483564
0.01580512
-0.7202178
0.003272855
0.02082146
0.00019368
0.001195654
0.116247
0.08868191
0.3875354
-0.00975502
0.02001799
0.02665487
-0.0276271
0.06883979
1
-0.003276893
0.1329296
-0.0009769141
0.81119
0.004061569
0.1143778
-0.1095987
-0.1108305
0.001026179
0.002332014
-0.01503334
-0.009899812
0.0008059905
0.09310563
-0.1038644
0.003271797
-0.00375857
0.006826823
0.01647949
-0.0001674671
-0.06536852
0.115159
-8.262817E-06
0.004487365
0.0003421759
0.003413233
0.0009222017
-0.0004159742
-0.004645149
-0.04798606
-0.2277153
0.003652687
0.0007456961
-0.002378643
0.04023076
0.06322585
-0.004438079
0.07507903
0.1799126
-0.1804783
0.0827007
-0.01096271
-0.002042186
2.593001E-05
0.0001913673
0.01848607
-0.004871469
-0.0005708817
-2.217752E-05
0.007515421
-0.03541371
0.0005509447
0.02280809
-0.0002626631
0.5692442
-0.009511936
0.4184045
0.09467205
0.01721118
0.0006451192
-0.001682935
-0.09328682
0.01358223
0.312813
0.01372683
0.009708324
-0.005385263
-0.2357529
0.0006573973
-0.2424067
-4.835529E-06
0.1091244
-0.000516201
-0.005676006
-0.0823824
0.01320046
0.06234999
-0.007904812
0.002755711
-0.04420021
-0.003967177
0.1554832
0.0002646445
0.2269626
0.02961996
0.1830974
0.359604
0.008932813
0.0005189115
0.00518508
-0.0006208634
-0.01545165
0.1195987
-0.02532157
0.008829787
-0.02283235
-0.05070137
-0.01773174
-0.02762698
-8.448552E-05
-0.09141602
-0.004811293
-0.0002199063
0.003877148
0.0226977
0.004881611
-0.007557675
-0.00152353
-0.0003268363
-0.2134489
-0.006784744
0.02842303
0.0006164843
0.09614437
0.02065491
-0.0002182787
-0.0005366937
-0.001548428
-3.083096E-05
0.02404592
0.0001235253
0.09357293
0.002481133
-0.1765613
0.007719004
0.3142543
0.01842659
0.2590942
-0.1442575
0.03997785
-0.01374938
-0.2283657
-0.03971546
-0.009145906
0.001099452
0.001861346
0.001284939
-0.0197958
-0.1107079
-0.6412659
0.3904949
0.0004811663
0.08806867
-0.2093619
0.09023117
0.01328536
-0.2752979
-0.0001622901
0.01156433
-0.00225381
-0.01010264
0.05521971
0.07850204
0.1259871
-0.003451414
-0.0174801
0.006217921
-0.03532707
-0.004621476
-0.004314922
0.0002810874
0.1721058
-0.2442871
0.004605156
0.1287478
0.6580247
0.3307973
-0.003488491
0.001063138
0.01510509
0.01585905
0.005224902
0.8791386
0.002202843
-0.004300577
-0.09354018
-0.03925842
0.01413137
-0.01393261
-0.1676587
0.0006582685
0.01217297
-0.01035213
-0.007846217
0.004403381
-0.0009594141
-0.4240714
0.0009568878
-0.0003736772
0.2907364
0.001123505
-0.002112223
0.006958776
0.00139792
-0.06368881
0.1170253
3.574663E-05
0.2941925
-0.1972579
1
0.06312463
0.00196368
0.003999084
-0.003436492
-0.2054566
-8.671932E-05
-0.5872157
-0.004416827
0.009835172
0.07265542
-0.0001827378
-0.02184195
0.00332852
-0.02587705
0.01632026
0.0002871852
0.2636484
0.04196727
0.001240317
-0.0521521
2.551517E-05
0.122669
0.07771185
-0.0006902781
0.09845749
0.005559608
-0.001279199
0.003912224
-0.175098
0.1158128
0.9314133
-0.001565196
0.01829331
0.07428947
-1
-0.5635939
-0.01623702
-0.002264062
-0.002676113
0.9059614
-0.01272184
0.001821449
0.002647435
0.0008118906
0.02957828
-0.003897418
0.0005058729
0.002293901
-0.002623928
-0.003564369
0.5327677
-0.001311985
-0.8326442
-0.02483953
-0.002982947
-0.003151998
-0.1936207
0.4426442
0.05067893
0.0531247
-0.00154875
0.2573952
0.003899763
-0.0272912
0.001081788
0.03962355
-0.08395486
0.008053483
0.003625668
0.004382735
-0.001003327
-0.0002144368
-0.009645061
-3.714559E-05
0.06485049
0.01234783
-0.02170598
-0.07554886
-0.04500342
0.01754612
0.006109609
0.02432924
0.0009044547
-0.0217226
0.2410263
0.2681226
3.471298E-05
0.905492
0.005934547
0.0003274145
-0.1407942
-0.1447691
0.005577734
-0.2806385
-0.01732405
0.0128557
0.1020952
0.001868509
0.03180934
-2.321555E-05
-0.5895281
-0.08020364
0.2973846
0.03236604
0.04560439
-0.4620663
-0.003659353
0.01367152
0.02107846
-0.1353298
-0.03616818
0.1600685
0.170993
-0.137383
0.3045668
0.05291886
0.3332798
0.02757851
0.2816234
0.003802953
-0.01236939
0.4925814
3.400446E-05
-0.005403109
0.2508796
0.7665038
0.0154118
0.008631986
0.04762987
0.003770371
-0.004763625
0.01058403
0.4505781
-0.9934313
-0.001780772
0.3537718
0.03137388
0.01180519
-0.006129374
0.3777557
5.141034E-05
-0.2335288
-0.00149732
-0.006023115
2.753796E-05
0.03650186
-0.4538316
-0.02186894
-0.001584092
-0.07534185
-0.1405669
0.7201187
-6.641882E-05
-0.03568378
-0.00630133
0.06909936
0.005552119
-0.003350324
-0.09045172
0.0101673
0.0008574181
-0.07340591
-0.007213363
-0.004490302
-0.02191568
-0.0001710242
-0.008516681
0.001024468
6.930072E-05
0.002445934
0.02430703
0.01124393
0.06709981
-0.03257453
0.003781481
0.0001036529
0.007244874
-0.00118854
-0.5735561
0.01952334
-0.009726337
-0.004288711
-0.0008253802
0.05130286
-0.004603419
-0.008710588
0.01363603
0.01738451
-0.01214637
-0.001882081
0.001112249
-0.01358694
-0.006478202
-0.001126148
-0.006643999
-0.01562482
0.033397
0.01286765
0.003019772
-0.04229149
0.1034381
-0.07328688
-0.4183953
-0.007140629
0.1614828
-6.860339E-05
0.02933312
-0.004048757
-0.006404538
-0.005131298
-8.972635E-05
0.8158959
-0.006568109
-0.007096496
-0.002168465
-0.6827139
-0.003512308
0.03096854
0.0001405702
-0.02900211
0.006381071
0.01170407
0.01873798
-0.2076395
0.04485497
0.1755238
0.02096373
-0.007796498
2.30541E-06
0.0303013
-0.0159956
-0.002916987
-0.04806126
-0.05408886
-0.005518367
-0.4239698
-0.003587886
-0.00137864
-0.05177334
-1.65997E-05
-0.004511035
0.0006839365
0.00135737
-0.01274377
0.05169109
-0.002624407
0.0006137981
-0.2746474
-0.001102388
-0.0003115576
0.004253881
-0.02019885
-0.01047439
-0.01352513
-2.143023E-05
-0.0563974
-0.04299618
-0.01080291
0.000716567
-0.0005214592
0.4133246
-0.001789244
0.001927669
0.1266784
-0.002069848
-0.02357693
-0.003178753
0.02018635
0.01607292
-0.6259035
-0.001359363
-0.01581729
-0.01090873
0.3310586
-0.0005597894
-0.002316607
0.0258637
0.995792
0.004525448
0.09086679
0.1055211
-0.4255281
0.09345148
-0.0006130736
0.04155533
-0.0249474
-0.02498745
-0.9945021
0.01560652
0.002793579
-0.002117687
-0.08539589
-0.0001095087
0.07095743
0.0003324334
0.01289097
-0.01995793
0.01372243
-0.6422106
0.00743367
0.0216815
-0.0004464834
0.02164799
-0.0116533
-0.08674815
0.001697164
0.008040274
0.02008862
-0.0004643389
0.1192871
-0.4646822
0.9345485
-0.1409239
-0.0002547542
0.007901569
-0.1038246
0.01804188
0.001795165
0.007677122
-0.06456713
-0.08018401
0.0001543865
-0.02283521
0.005084053
-0.00953202
0.002198984
0.0430599
-0.001277911
-0.0002264466
0.003109441
0.0008258768
-0.03108506
-0.000330804
0.0004158131
-0.002017555
0.2112051
-0.003498509
0.0003470558
-0.01665374
0.1249439
-0.003788232
0.01428016
-0.01403803
-0.2104437
0.480406
-0.0002896625
-6.327094E-05
0.007663344
-0.001443245
0.01017248
-9.688276E-05
-0.1151396
0.008461049
-0.1250788
-0.0007349844
0.0007309022
0.0007751217
-0.02056488
-0.001545597
-0.03308231
-0.08359129
-0.08472264
0.09991686
-0.01997763
0.8698723
-0.0152269
-0.1328914
-0.006686324
-0.2247607
0.00577352
-0.03154058
0.01322441
-0.0003135841
0.003050596
-0.00503669
0.0217602
-0.02097765
-0.01722741
-0.001639982
0.004590161
-0.00179616
0.00998489
-0.08324818
-0.01752262
-0.3548962
0.00295231
0.003601738
0.1252087
0.01851209
-0.1781604
0.002324103
0.03116579
0.002193568
0.002067648
-0.228227
-0.4436395
0.4905039
0.005897144
-0.1082848
-0.1275763
-0.1146523
-0.006048649
-0.01375758
1.36982E-05
-0.001974804
0.011324
0.002689917
0.04657264
0.09340511
0.002178475
0.01579613
-0.02199016
-0.0004662589
-0.00139944
0.0003781625
0.001126418
-0.01926005
-0.0005432477
0.07827247
-0.0002786177
0.003723891
-0.05495179
-0.001125101
0.09081038
0.00397254
-0.009166994
0.01188121
-0.2624229
0.0136139
0.0001302322
-0.00264438
-0.001234141
0.216601
-0.01807331
-0.03756819
-0.0002340233
0.06547271
0.02266949
0.07180493
1.169983E-05
0.002742495
0.000607482
-0.01166358
-0.0007711273
0.0004206318
0.02601551
0.002729403
0.3714951
-0.07622608
0.01049976
-1
-0.001382585
-0.2410079
-0.001780839
-0.001032358
-0.0002124096
0.3427309
0.02042896
-0.004607845
-0.00649171
-0.04483107
-0.00195272
0.000519989
-0.004941121
-0.003306243
-0.004987705
-0.001997594
-0.01165737
0.01708206
0.01522976
-0.007700886
-0.01964807
0.04294562
0.02432286
0.02716506
0.484127
0.001570133
6.768681E-05
0.003118361
0.002878377
0.0001689399
0.01239257
-0.003521939
-0.05465406
0.08277626
-0.4247438
-0.03804214
-0.01167062
-0.0115401
0.000963437
0.00551438
0.1009737
0.02617667
-0.06224112
0.08938629
0.01114624
-0.0001322813
0.0003388066
-0.006357779
0.1084933
-0.01278958
0.03219358
-0.04702786
-0.001184002
-0.3388623
-0.001355336
-0.005596026
-0.004597145
-0.05250043
0.00222284
0.009676038
0.04911148
0.01872762
0.5124146
0.8013209
-0.001392117
-0.04745281
0.0003009642
0.00354735
0.05194162
0.01418412
0.03536315
-0.1939906
-8.190764E-05
-0.005807626
-0.01775109
-0.002190192
1
-0.001010797
0.004591173
-0.03176403
-0.1183957
-0.2781346
0.01712263
0.08227951
7.978844E-06
-0.01242547
-0.0003179589
-0.05202198
-0.0109177
0.03790971
0.5294406
0.008969253
0.2287388
-0.01924281
0.0008267033
-0.008799406
0.02462282
-0.07208235
-0.07330612
-0.08884563
0.0001260613
-0.007141135
0.0002989523
-0.5670071
-0.1592048
-0.001234662
-0.002677478
-8.479858E-06
0.1404269
0.003146347
0.2336686
0.1222304
-0.0006513383
-0.03996963
-0.008370877
0.1071503
-0.09598016
0.0858831
-0.01105343
-0.1833444
-0.7460338
-0.3687103
-0.5766498
0.009007351
-0.2063037
-0.0009948278
-0.2443603
0.047155
0.04408917
-0.04925749
6.963017E-05
-0.004568933
0.1500459
0.004768855
0.4736144
0.005738276
-0.0005101031
-0.6046017
0.07222266
0.001112967
0.03825906
0.04446999
0.00448409
-0.006083252
0.006995931
0.0008299613
0.01017528
-0.0005482323
-0.2140289
-0.0204127
0.01129839
-0.04246166
0.1053223
0.03909567
-0.02707194
0.00216995
0.01028363
0.0006264787
-0.0008087707
-0.003017025
-0.07189106
-0.02796813
-0.00286622
-0.0005319458
0.01438829
-6.345248E-05
0.0005820281
0.1468826
0.005032351
0.5359782
0.01460355
5.616615E-05
0.0005692444
-0.2628284
0.04455858
0.01087653
0.01622693
0.8046271
-0.1521734
0.01500548
-0.08054714
-0.1111241
0.08272203
-0.0167778
-0.002047116
0.1830867
0.01476648
0.09520157
0.01056063
-0.0002314719
0.03173923
-0.001731446
-0.03512649
0.5508726
0.0003281969
-0.04056678
0.01972294
0.02829035
0.008840816
0.001007492
-0.02233807
-0.01331942
-0.04223154
-0.00789101
0.002251244
0.001245247
-0.00103025
0.002114971
0.3791425
0.0008385637
0.1679153
0.01006423
-0.4560261
0.1170215
-0.4472049
-0.03224047
3.918752E-05
-0.05112763
-0.003451971
-0.1590525
0.1115723
2.482351E-05
-0.07543574
0.0003834491
-0.004205074
-0.03687333
-0.01007235
0.0005441662
-0.07112465
-0.001975666
0.0168494
-0.3865902
-0.04256103
-0.1912574
-0.002497379
0.01768962
-0.00994291
-0.0002119715
-0.2936705
0.3217129
0.004975269
-0.1023821
-0.03615503
-0.002067765
-0.0005336546
-0.0003595309
0.0004234928
-0.0007230142
-0.02363105
-0.003822533
-0.6352424
0.01895504
0.0002152072
-0.0817868
-0.08592212
0.1120931
-0.0001789462
-0.01765955
-0.06437072
-0.3205773
-0.0008494572
0.09086081
0.0008990101
-0.00585609
-0.03058273
0.05205337
-0.04461898
-0.05039374
-0.6838798
-0.03553572
0.04938237
0.01006504
0.04180697
0.001664319
0.9394799
0.03818602
-0.01495245
0.01979338
0.1283246
0.9532255
0.002153991
0.003501257
-0.03198644
0.04788705
-0.08457819
0.0180623
-0.002865827
0.0008326383
-0.09727024
0.003686072
-0.4487361
-0.03565181
-0.4583466
0.08444977
-0.01849512
1.582868E-05
0.2095156
-0.1027855
-0.001015699
-0.0009063076
-0.1141167
0.001418933
-0.00541443
-0.05204978
-0.004976908
-0.001741648
-0.09679574
-0.107232
0.04078759
-0.001383225
-0.003163942
-0.2279341
-0.001133811
-2.660075E-05
0.1657705
-0.01720692
0.0421156
-0.03628571
-0.002660314
-0.009567194
-0.00806279
-0.01827049
0.01086211
0.01392335
9.697713E-06
-0.01476183
-0.05485648
0.00053784
0.2082835
0.3806072
-0.2796827
-0.02860668
-0.004947486
5.978537E-06
0.05164776
-0.003059322
0.01294094
0.3915348
0.006248291
0.2630266
0.0009874598
0.007769916
0.04319683
0.001957341
0.008909829
0.09112613
-0.3130796
0.004046646
0.1381513
0.000146768
0.1783211
-0.004101011
0.007080736
0.0001358933
-0.0003169632
-0.02216362
-0.1028439
0.01529811
0.03865991
-0.006624827
-0.7677662
-0.01769965
0.01016633
-0.158295
-0.011159
0.4617827
0.7685035
-2.272337E-05
-0.007685053
0.001540234
0.007383075
0.0384072
-0.3823893
0.48117
0.2012226
0.0002376961
0.1988932
6.636067E-05
0.01452668
-0.03656848
0.008579001
0.01776243
-0.001877382
-3.276366E-05
-0.01515612
-0.04484169
0.0006956436
0.1274353
-0.06084407
0.1733278
-0.06165478
0.03459064
0.7389749
-0.006568123
0.05227241
-0.0006824733
0.0003467582
-0.1087057
-0.002768762
-0.004057387
-0.0004588057
0.003623078
0.14286
-0.02073335
0.1868081
0.02937624
-0.02211123
-0.001483629
0.0004482339
-0.4493918
-0.951591
-0.001054701
-0.0001239046
-0.01703453
0.004831125
0.0001901206
-0.0005169671
0.1011321
0.3703379
-0.1607867
-0.0007241821
-0.2036008
0.006439715
-0.004724941
0.008597409
-0.001881257
-0.09393822
-7.091884E-05
0.003498175
-0.7026007
0.002658863
-0.1218781
-0.06828752
-0.005361116
0.01601874
0.7880395
0.1554958
-0.102105
0.2484031
0.01952748
-0.05455972
-0.002010759
-0.9595616
0.1790771
0.2191847
0.0005078519
0.0006788344
-0.01410708
0.01788507
-0.0008790199
0.05837863
0.1263923
-0.104846
-0.005066785
0.04301359
-0.01251568
0.003011762
-0.01241569
-0.03088833
0.4352483
0.0004221888
-0.1187771
0.03387619
0.0001302365
0.2973523
0.005249751
0.02573501
-0.002918851
0.09345614
-0.05220319
0.005758997
-0.007305794
0.001228751
0.03524659
-0.001374013
-0.04246706
0.006047586
0.0006805923
-0.01922002
0.3358553
0.02924152
0.4137373
0.001778012
-0.01200247
-0.06889568
-0.0937012
-2.714506E-05
-0.0005674476
-0.04539936
-0.1032913
-0.00208264
-0.9894451
-0.08867177
-0.174845
-0.007107472
-0.06837147
-0.0002703385
-0.02195123
0.4391009
-0.003263171
0.0921523
0.047763
-0.0002341406
-0.01630245
-0.7722756
0.3547029
0.008618301
-0.1962064
0.006719812
-0.0007017741
-0.1897328
-0.001596097
0.05998641
-0.6432471
0.0148864
0.0007242299
-0.003899792
-0.007241944
0.03183016
0.008650189
-0.01292106
0.02693281
0.000259876
0.00194925
0.007810669
-0.01395803
5.297003E-05
-0.02353656
-0.6406037
0.6624347
-0.003054767
0.004928824
-0.01873653
-0.001187472
0.0001545766
0.003885791
0.003213014
-0.00297467
-0.1501536
-0.3402778
0.00546625
0.02312499
-0.001788399
0.02684427
0.1429404
0.0162473
-0.0161833
-0.0007575966
-0.01328706
-0.01641614
-0.05485378
0.005153644
-0.05550149
-0.001440389
0.0002104493
0.001208421
0.1833168
0.001000461
0.1032115
0.005063702
0.0168647
-0.03506931
-0.0005890506
0.02443905
-0.003561058
0.000626324
-0.01324466
-0.1898394
0.003102246
-0.004217583
-0.009711216
-0.000167337
0.01203807
-0.9573987
0.001284278
-0.08606676
-0.01028675
-0.1583076
0.02127561
-0.01617737
0.004174232
0.01107766
-4.838665E-05
0.002709697
-0.003081522
0.003164155
0.007987492
0.2254607
0.001666454
-0.005468815
0.02251711
0.005934354
0.002313816
-4.429125E-06
0.007573492
0.006395999
-0.00914806
0.05471866
-0.5024047
-0.0006556191
0.008467726
-0.02685092
-0.107527
-0.03755728
-0.02768043
0.008607191
0.2191543
-0.001093291
0.3993495
0.8267702
0.003502769
-0.001423534
-0.3358636
-0.003811762
2.448436E-05
-0.005562188
0.005594136
-0.2228417
0.02167981
-0.5514481
0.004234808
0.01176919
0.09257031
0.001582147
0.002880699
0.01549699
0.003349039
0.0205113
0.044552
8.469447E-05
-0.02112053
0.003311825
0.005198162
0.01346982
0.005380546
0.000159188
-0.041354
-0.00477699
0.002937082
-0.0004452812
-0.001224701
-0.05127916
0.2781088
-0.007626183
-0.04624773
-0.004804568
0.01087652
-0.05242398
-0.03786761
-0.01149432
0.05587067
-0.1674165
-0.02331025
-0.08971364
-0.1422582
0.0007154634
0.00796278
0.003050686
0.00179821
0.6371658
2.958177E-05
-0.00954756
-0.0001657324
-0.4186639
7.022866E-05
-0.001635395
0.003988152
-0.02562348
9.718292E-05
0.009774473
5.236808E-05
-0.863274
0.6323535
0.000544842
-0.712504
0.01931363
-0.1847605
0.01012981
-0.024052
-0.1305021
0.0002767984
-0.0006422265
0.2467551
-0.01660954
0.02709146
0.0005671227
-0.007468856
0.001552188
0.010204
0.01242844
0.008104751
0.02017646
0.1667676
0.07045285
-0.8271224
-0.04611723
-0.1585639
4.615923E-06
0.01668512
-0.001169001
-0.6017132
-0.004220947
-0.009440064
-0.004034391
-0.004462114
0.01030975
-0.1136243
0.0005152347
-0.1631798
-0.01295552
-0.0009367176
0.01481201
-0.001465716
0.1520723
-0.002180825
0.3696511
-0.02045607
0.02435869
-0.03357981
-0.006373167
-0.01655906
-0.007180513
-0.002639342
-0.1380756
-0.04413202
-0.01770396
-0.07108317
0.213212
-0.008782983
-0.01020982
0.2147587
0.00458922
-0.01100757
2.645978E-05
1.720843E-05
0.002349271
-0.004922318
-0.00447097
0.00498845
0.02797507
0.000215234
-0.004213065
0.005895106
-0.1046038
-2.245542E-05
0.01321431
0.003951368
0.002174982
-0.0006964057
0.00535952
-0.02028221
0.07843433
0.004408049
-0.04375213
0.0008069855
0.1482409
0.0004621637
-0.01155696
-0.004587024
0.1910988
0.0006949882
-0.3770483
-0.03590298
0.02278483
-0.01353072
-0.0005943546
0.66384
-0.001272735
0.0009071788
0.1450913
-0.003294588
0.001061624
-0.007204832
-0.0773043
-0.02838934
-0.07359407
0.188202
-0.002302401
0.004880696
0.3881212
-0.3206836
-0.07083581
-0.08414478
-0.2794548
-0.002081296
0.00946393
0.0305092
-0.03328866
-0.001154993
0.007606464
0.170401
-0.0005836133
0.01234025
-0.002148006
0.001557526
-4.251423E-05
-0.02650889
-0.1926616
-0.01188731
0.0004027671
0.004894038
-4.527566E-05
0.08412158
0.2072001
-0.04312931
0.031361
8.097103E-05
-0.1327866
0.03282937
0.008844353
-0.3207939
0.008923715
-0.009259977
-8.647168E-05
0.3535029
-0.004484971
-0.004972218
0.005810625
0.003684936
0.0002878101
-0.001012835
1
-0.000344535
-0.0175192
0.006592226
-0.1434634
0.0812397
0.07950539
-0.000835367
-0.1302797
-0.00193981
0.002121913
-0.1719111
0.00154541
8.766873E-05
0.0203686
-0.02830935
-0.003155226
0.01426675
-0.0002155879
-0.009934297
0.566815
-0.01091879
-0.03042854
-0.0008412239
0.01445383
0.003286906
0.02796268
-0.0009442185
-0.8427877
0.6840639
-0.007113912
1
-0.0005027576
-0.00115357
-0.009846771
-0.2033344
-0.06030478
-0.001548111
0.09821266
0.01343111
-0.007910406
0.005146326
0.3154444
0.08506516
-0.02249521
-0.006856103
-0.001881418
0.05663141
-0.03003415
-0.001811413
-0.08052734
-0.0001729627
0.0460766
-0.0005999427
-0.0004916209
0.007665003
-0.6234558
0.6087526
-0.0549743
0.005033405
0.009204444
0.005411874
0.1816591
-0.08332682
0.07831419
0.07352144
-0.01013109
-0.0001504968
-0.01593199
0.02081087
-0.0007188321
-0.000717108
0.0003319184
0.0479475
-0.4111807
-0.03109082
-0.01358764
-0.009331662
0.000908393
-0.1245936
0.01333717
-0.3309134
-0.6381301
-0.0001801234
-0.002140791
-0.0006318007
0.000391758
0.0644481
-0.003104609
-0.07819475
-0.2385948
0.02736064
0.0203413
-0.009216178
-0.006278573
0.03716389
-0.04228192
-0.01162206
0.009285219
0.01082762
-8.050031E-06
-0.01738038
0.003715697
0.005799943
-1.134927E-06
-0.03691426
-0.1091658
-1.522999E-05
-0.01261827
0.0006279625
0.02362164
-0.9166558
0.0009347518
0.001629324
-0.004296131
-0.1728449
0.1077882
-0.007269916
-0.004096892
0.001367106
0.000584184
0.009918937
0.008715678
-0.001838906
-0.006810053
-0.006219686
0.0008299748
-0.16168
0.002017806
0.03534916
-0.008355644
-0.0001866431
0.07903143
0.03339496
-0.9327824
4.83859E-05
-0.004079679
-0.005346007
0.004075668
0.03455655
-0.02029668
-0.0997965
-0.008687886
0.5280817
-0.481111
0.1423345
0.0150528
0.0203808
-0.0003439873
-0.01335182
0.05319205
0.2176197
0.1224523
0.0004846177
0.02151191
-0.0002915909
0.02204626
-0.04349303
0.06089126
-0.08514095
-0.001276798
0.1102807
7.842558E-05
-0.08894552
-0.0003957651
0.001660715
0.002181622
0.0003176277
-0.08850779
0.3112497
-0.001180416
0.01471539
1
0.4012239
0.152449
0.5144417
-0.002524466
-0.03135695
-0.003035242
0.0003691605
0.05835367
0.01601966
0.02334943
-0.01080871
-0.002958074
-0.02432405
0.07149848
0.0001801843
-0.003034469
0.01410671
0.07718241
0.002080735
0.0001807746
-0.08349563
-0.009875267
-0.001113808
0.0376596
-0.005260701
-0.06541418
0.0007238818
-0.007239892
0.03143155
-0.02016658
-0.02228185
0.0004937542
-0.0001103931
0.003795625
1
-0.002291611
-0.04356005
0.03076146
-0.914866
0.03386018
-0.06350899
3.579033E-05
-0.005133058
0.01647911
0.006246282
0.2159655
0.01096364
-0.2618303
0.000540379
-0.1352537
-0.02451343
-0.006414626
0.6530076
-0.01928408
0.3812101
-0.006612809
0.0004980424
-0.001587766
-0.004767442
7.348604E-05
-0.003439573
0.1665406
0.005699847
-0.1084268
0.003107735
-9.905024E-05
0.002715982
0.06032961
-0.1465935
0.004258064
0.01203173
-8.635249E-07
-0.009849838
0.003068688
0.00929153
-0.007329234
0.001812306
0.01373197
0.09767625
-0.0163956
-0.03935464
-0.5288982
-0.4512424
-0.007523768
4.525583E-05
0.02869871
-0.3529414
-0.0002291262
0.1238818
0.0002779095
-0.008740882
0.01035199
0.01007477
0.0003618483
0.1753609
-0.008916623
-0.04960823
0.01686161
-0.0005765224
0.3151918
1
0.01955689
0.1740885
-0.004172656
0.5341651
0.0008709908
0.05885146
0.05352486
-0.005167274
-0.001979012
-0.04611201
-0.03678552
0.005768571
-0.004069897
-0.04292567
-0.005409767
0.0001275621
-0.0350588
0.3809422
-2.476479E-05
-0.6764351
-0.7500139
0.003592514
-0.9071719
-0.03807562
-0.423178
-0.05527052
-0.03958577
0.05635968
0.001478941
-0.006288768
-0.104817
-0.06064488
-0.02385174
-0.006174805
0.002462636
-0.01118332
-0.04042291
0.0001068314
-0.0005828892
3.721265E-06
-0.0004635906
0.02316787
0.002762796
-0.01416246
0.09631798
0.0104187
-5.717537E-05
-0.006643096
0.3659364
-1.054265E-06
0.02729398
0.01249027
0.02203163
0.02509571
-0.002635657
0.09495545
-0.00355827
-0.003488652
-0.2242756
0.02379111
0.03296887
0.861099
0.0003442869
0.0006913802
-0.0001884016
0.0100269
-0.06743968
0.9518585
0.002904623
0.0111468
-0.03204663
0.1327607
0.008411311
0.08024821
-0.0005866832
-0.002221783
-0.04472075
-0.03170443
-0.8267622
-0.03735957
-4.976444E-05
0.008611598
0.1204911
-0.02393623
0.2096393
-0.2698548
0.03592032
0.00484349
0.0006574326
0.002651578
0.003106324
0.01637118
-0.09809875
-0.01525739
0.02780561
-0.5182275
0.1069724
-3.611224E-05
-0.0173688
0.005963159
-0.001941648
0.02549445
-0.01384162
0.038885
0.0006035993
-0.1616439
-0.1216919
0.003360902
0.003050879
0.0002335742
0.03109899
0.009505414
0.1392691
0.1069074
0.02182243
0.02138406
0.009135988
-0.01244636
0.0437253
-0.0003313898
-0.08842115
-0.01095603
0.005458619
-0.0003151706
-0.9863975
-0.002584731
-0.002748501
-0.02049595
-0.06044689
0.02924427
-0.07613087
-0.01923473
-0.004242038
0.3899756
-0.01566774
0.02725513
-0.04307058
0.06240093
-0.01875831
0.001909999
0.003073008
0.009111057
-0.2288601
-0.03027829
0.2423518
0.0374408
0.1600305
-0.001499947
-0.03358831
-0.02863716
0.005179459
0.0227174
-0.001702666
-0.0004889055
0.00740749
-0.1919076
-0.05720237
0.0002098592
-0.0196114
-0.0002427178
0.003358686
0.03170161
0.9657537
-0.0008218638
0.01327774
-0.0002202769
-0.02085699
-0.007679392
-0.04901192
-0.000385143
-0.001418214
0.5304703
0.00187583
-0.03461172
0.0001559511
-0.003472799
0.01328297
-7.487272E-05
-0.03979394
0.001525943
0.0003638161
-0.01008234
-0.002511758
-0.01622634
-0.05228157
0.03226565
-0.5170873
-0.03565233
0.04929832
-0.005397967
-0.00941859
0.006586491
0.00824499
0.0296992
-0.05416635
3.814768E-05
-0.1381496
-0.000793546
0.01632504
0.03081236
-0.02786219
0.03944692
0.003589832
-0.03984759
6.436779E-05
0.08270714
0.3453195
-5.401733E-05
-0.02230846
0.2623293
-0.002698415
-0.1103175
0.2996631
0.0181033
0.01535819
0.1046398
-0.005452421
-0.003079416
0.04105163
-0.133276
-0.05766293
-0.02169085
0.01423451
0.0193185
0.008711671
-0.3317058
0.03947467
0.001189453
0.02870421
-0.2049268
-0.01428039
-0.4601035
0.002948012
-0.01857107
-0.0007508941
-1
-0.04263541
-0.05762761
0.1575561
0.0001784442
-0.08645439
-0.0003122286
-0.001071222
-0.004044412
0.2013749
0.05355119
0.05418772
0.006962407
0.0005864095
0.261493
-0.0005243385
-0.05398428
-0.1063478
0.0005022639
0.04507035
-0.9561487
0.02207815
0.1592004
-0.01702264
-0.0007273487
0.0004399021
0.01180625
0.1423513
0.002236272
0.2132781
-0.0644729
-0.2575585
0.006211867
0.02790477
0.0001679775
-0.7144718
-0.01795482
0.2085643
0.1002568
-0.002458168
-0.0249189
-0.0629908
0.003864508
-0.01580184
0.001178755
0.8575066
-0.001283272
0.1410983
-0.1860988
-0.02147838
0.0009388385
0.003068625
-0.09208398
0.02215773
0.0008536091
-0.002563625
0.4080259
-0.0005308714
0.009885118
-0.001344173
-0.007504469
0.001467094
-0.03189145
2.453027E-06
0.009173731
-0.06805707
0.001007697
-0.01010009
-0.04651761
-0.06273642
-0.02352076
0.01315523
0.008489274
0.2148196
0.01014171
0.0003034549
-0.002449233
-0.0014007
0.5023044
0.001140683
0.9288066
0.02664114
0.06493672
-0.01290986
0.03345488
-9.800986E-05
-0.01423635
0.01642538
-0.4502827
-0.001118115
-0.8361302
-0.5732036
-0.003290136
0.4059751
-0.0006634106
0.0007203714
0.00146827
-0.9226095
0.02681201
0.001023797
0.001851011
-0.0512411
0.359792
0.005623493
0.0001391242
0.006976362
0.004621655
0.01426745
0.02836849
-0.8289567
-0.04032074
-0.7406134
0.2592012
0.0005811561
0.1183818
-0.04303776
-0.0006121867
-0.003032534
-0.0001983128
-0.002566405
0.00807914
0.02793035
0.007683692
-0.03960518
-0.9333988
0.07205286
8.212751E-05
-0.08046416
0.0006905497
-0.004125782
0.001580609
0.009444442
-0.005111559
0.7934681
0.0004869935
-0.05857467
-0.03994351
0.002958894
-0.8033059
-0.0001462508
-0.3602111
0.01133307
-0.03695629
-8.46397E-05
0.009562623
-0.001321617
-0.001142767
0.0001950655
0.198893
-0.02170772
0.01656966
6.477665E-05
0.03059725
-0.107367
-0.0008386634
0.005697174
-0.1358217
-0.0007500349
0.2073388
0.05148487
0.32684
-0.01809112
-0.003859905
-0.01261523
0.003676569
0.05350758
0.007245165
-0.03610307
0.0005555021
-0.4628745
-0.004761896
-0.0003827357
-0.007603524
-0.2373611
0.009705182
0.0004847346
0.001822156
-0.008879144
0.03598811
0.01611036
-0.001333682
0.1793078
0.3680957
0.3651689
0.02162045
-0.00934853
0.0004181526
0.0007799552
-0.0009081789
-0.08816275
-0.01003971
0.01985859
-0.03163536
-0.0006444689
-0.0003120746
0.005368627
-0.00247856
0.02396941
0.0167707
0.004116369
0.1561272
-0.0004728848
0.01021368
-0.002318685
0.002204756
-0.02365462
0.028164
-4.748556E-05
0.006058197
0.002032457
1.59783E-05
-0.03735128
-0.1350193
0.06675563
0.03342681
0.1053083
-0.01970781
-0.005287707
-0.0002926254
-0.06404825
-0.0005052667
5.513415E-05
-0.004624932
-0.0001723315
0.005320267
-0.007503911
0.02237343
0.03080938
-0.00859978
-0.002442415
1
0.0005377266
-0.9639682
0.0004731713
0.001355549
-0.02134143
0.09081879
0.002369505
-0.05242265
0.01822169
0.005630538
0.01567544
-0.0002529172
-0.4423537
-0.003297518
-0.4915854
-0.001112805
-0.0070661
0.0654707
-0.001686784
0.002483298
0.2205809
0.1162025
0.007732762
0.002688088
-0.09359346
0.0183284
0.01621602
-0.002457996
-0.0002586752
-0.002588308
0.2118337
-0.03308903
-0.001645414
0.003237793
-0.005934135
-0.002074001
-0.002737976
-0.0767424
0.03331299
-0.001842368
-0.00297642
0.2069009
-0.02380648
0.006147694
-0.0004728476
-0.02711988
-0.5810995
0.003606947
-0.02725798
-0.9213879
0.1860112
0.005029837
2.120507E-05
-0.0009427164
0.003701564
-0.0001393147
-0.7739049
0.004062085
-0.005404661
-0.02622827
0.0008768862
-0.0002516014
0.1838541
3.728824E-05
0.0006269959
-1
0.3623409
-0.00899025
-0.001676426
-0.006745408
0.2889474
-0.01571855
-1.421665E-05
-0.004281915
-0.002174606
0.04151606
1.852431E-05
-0.002419756
0.07674841
-0.3834213
-0.01153949
0.1054382
0.001015268
0.01339362
-0.04103006
-0.01679409
0.0001354855
0.1883906
-0.005189965
-0.00644269
0.02924395
-0.001831747
-0.5771215
0.001798351
0.002506079
0.0001290118
-0.09945243
-0.0008777203
0.03196828
0.2733414
-0.0005241761
-0.01369497
-0.02379488
0.5878648
-0.1141347
0.9445227
0.02774828
0.737008
-0.1975851
-0.01330437
0.007348521
-0.0007389894
0.01207259
-0.03228087
-0.03695242
-0.01341352
-0.01218457
-0.027523
-0.06677026
0.006524697
3.519046E-05
0.002041846
-0.00450772
-0.006815798
0.0005845762
-0.0005977796
-0.2280632
0.02214673
-0.0009651834
-0.01729236
-0.01959831
-0.277595
9.944755E-05
-0.009186632
-0.005268745
0.002796747
0.01911923
-0.008172099
0.001888749
0.01168559
-0.1468066
-0.005533581
0.005825777
-0.04230928
-0.05197962
0.6820759
0.003087622
-0.00842366
-0.0005528298
-0.004515469
-0.009081569
0.0568965
-0.009326605
0.007483492
0.002886108
0.1383822
0.009006246
-0.0123715
0.003816342
0.04986139
0.006373161
-0.009103139
0.005830585
0.0001881381
0.1326052
0.007361501
-0.01132272
-0.08303568
-0.001405611
